Ganimet	EXP	Kat	Seviye
1.432.623	2.785	2	2506
1.431.708	2.783	2	2502
1.430.563	2.782	2	2497
1.429.187	2.780	2	2491
1.428.039	2.779	2	2486
1.427.809	2.778	2	2485
1.426.659	2.777	2	2480
1.426.429	2.776	2	2479
1.425.277	2.775	2	2474
1.425.047	2.775	2	2473
1.423.894	2.773	2	2468
1.422.739	2.772	2	2463
1.421.814	2.770	2	2459
1.421.120	2.769	2	2456
1.420.194	2.768	2	2452
1.419.035	2.767	2	2447
1.418.107	2.766	2	2443
1.417.410	2.765	2	2440
1.416.712	2.764	2	2437
1.415.782	2.762	2	2433
1.415.083	2.762	2	2430
1.414.850	2.761	2	2429
1.413.685	2.760	2	2424
1.412.284	2.758	2	2418
1.411.115	2.756	2	2413
1.410.881	2.756	2	2412
1.409.476	2.754	2	2406
1.408.538	2.753	2	2402
1.407.130	2.751	2	2396
1.406.425	2.750	2	2393
1.404.778	2.748	2	2386
1.404.542	2.748	2	2385
1.403.128	2.746	2	2379
1.402.892	2.745	2	2378
1.401.711	2.744	2	2373
1.400.529	2.742	2	2368
1.399.109	2.740	2	2362
1.397.449	2.738	2	2355
1.396.736	2.737	2	2352
1.395.310	2.735	2	2346
1.393.643	2.733	2	2339
1.392.928	2.732	2	2336
1.391.496	2.730	2	2330
1.390.779	2.729	2	2327
1.390.061	2.728	2	2324
1.389.343	2.728	2	2321
1.388.145	2.726	2	2316
1.386.706	2.724	2	2310
1.385.023	2.722	2	2303
1.384.301	2.721	2	2300
1.382.856	2.719	2	2294
1.381.649	2.717	2	2289
1.381.408	2.717	2	2288
1.379.716	2.715	2	2281
1.378.990	2.714	2	2278
1.377.536	2.712	2	2272
1.376.808	2.711	2	2269
1.375.593	2.709	2	2264
1.374.377	2.708	2	2259
1.374.134	2.707	2	2258
1.372.428	2.705	2	2251
1.370.720	2.703	2	2244
1.369.252	2.701	2	2238
1.368.763	2.700	2	2236
1.367.292	2.698	2	2230
1.366.556	2.697	2	2227
1.364.837	2.695	2	2220
1.363.606	2.693	2	2215
1.363.360	2.693	2	2214
1.361.634	2.691	2	2207
1.360.893	2.690	2	2204
1.359.410	2.688	2	2198
1.357.677	2.685	2	2191
1.356.933	2.684	2	2188
1.355.692	2.683	2	2183
1.354.946	2.682	2	2180
1.353.204	2.679	2	2173
1.352.955	2.679	2	2172
1.351.958	2.678	2	2168
1.350.710	2.676	2	2163
1.349.460	2.674	2	2158
1.349.210	2.674	2	2157
1.347.457	2.672	2	2150
1.346.454	2.670	2	2146
1.345.198	2.669	2	2141
1.344.192	2.667	2	2137
1.342.681	2.665	2	2131
1.342.177	2.665	2	2129
1.341.168	2.663	2	2125
1.339.399	2.661	2	2118
1.337.626	2.659	2	2111
1.335.850	2.656	2	2104
1.334.580	2.654	2	2099
1.332.797	2.652	2	2092
1.332.033	2.651	2	2089
1.330.245	2.649	2	2082
1.328.455	2.646	2	2075
1.327.430	2.645	2	2071
1.325.633	2.642	2	2064
1.324.090	2.640	2	2058
1.323.060	2.639	2	2054
1.321.255	2.637	2	2047
1.320.997	2.636	2	2046
1.319.704	2.634	2	2041
1.317.892	2.632	2	2034
1.316.595	2.630	2	2029
1.314.516	2.627	2	2021
1.313.736	2.626	2	2018
1.311.911	2.624	2	2011
1.310.866	2.623	2	2007
1.309.821	2.621	2	2003
1.307.988	2.619	2	1996
1.306.939	2.617	2	1992
1.306.676	2.617	2	1991
1.304.574	2.614	2	1983
1.302.993	2.612	2	1977
1.300.882	2.609	2	1969
1.300.617	2.609	2	1968
1.300.353	2.608	2	1967
1.297.970	2.605	2	1958
1.296.643	2.603	2	1953
1.294.516	2.600	2	1945
1.294.249	2.600	2	1944
1.292.116	2.597	2	1936
1.289.978	2.594	2	1928
1.288.907	2.593	2	1924
1.288.639	2.592	2	1923
1.286.223	2.589	2	1914
1.284.339	2.587	2	1907
1.282.721	2.584	2	1901
1.281.911	2.583	2	1898
1.280.289	2.581	2	1892
1.278.934	2.579	2	1887
1.276.219	2.576	2	1877
1.275.947	2.575	2	1876
1.274.313	2.573	2	1870
1.273.222	2.571	2	1866
1.271.856	2.570	2	1861
1.271.309	2.569	2	1859
1.270.762	2.568	2	1857
1.269.392	2.566	2	1852
1.267.746	2.564	2	1846
1.264.994	2.560	2	1836
1.263.339	2.558	2	1830
1.260.296	2.554	2	1819
1.259.742	2.553	2	1817
1.258.631	2.552	2	1813
1.256.129	2.548	2	1804
1.254.177	2.545	2	1797
1.252.780	2.543	2	1792
1.250.259	2.540	2	1783
1.248.574	2.538	2	1777
1.248.012	2.537	2	1775
1.247.449	2.536	2	1773
1.246.041	2.534	2	1768
1.245.195	2.533	2	1765
1.244.630	2.532	2	1763
1.243.500	2.531	2	1759
1.241.235	2.528	2	1751
1.240.384	2.526	2	1748
1.238.394	2.524	2	1741
1.236.971	2.522	2	1736
1.234.401	2.518	2	1727
1.231.824	2.515	2	1718
1.231.250	2.514	2	1716
1.228.951	2.511	2	1708
1.226.645	2.508	2	1700
1.225.490	2.506	2	1696
1.225.201	2.506	2	1695
1.223.464	2.503	2	1689
1.222.885	2.502	2	1687
1.221.434	2.500	2	1682
1.218.815	2.497	2	1673
1.218.524	2.496	2	1672
1.215.603	2.492	2	1662
1.215.018	2.491	2	1660
1.213.846	2.490	2	1656
1.212.085	2.487	2	1650
1.210.909	2.486	2	1646
1.208.256	2.482	2	1637
1.205.891	2.479	2	1629
1.205.298	2.478	2	1627
1.202.627	2.474	2	1618
1.200.841	2.472	2	1612
1.199.648	2.470	2	1608
1.198.454	2.468	2	1604
1.197.257	2.467	2	1600
1.194.859	2.463	2	1592
1.193.657	2.462	2	1588
1.190.947	2.458	2	1579
1.190.645	2.458	2	1578
1.187.924	2.454	2	1569
1.186.712	2.452	2	1565
1.183.977	2.448	2	1556
1.182.149	2.446	2	1550
1.179.398	2.442	2	1541
1.176.638	2.438	2	1532
1.176.024	2.437	2	1530
1.174.177	2.435	2	1524
1.171.398	2.431	2	1515
1.168.920	2.427	2	1507
1.166.123	2.423	2	1498
1.165.500	2.422	2	1496
1.161.751	2.417	2	1484
1.159.242	2.414	2	1476
1.157.354	2.411	2	1470
1.154.515	2.407	2	1461
1.153.882	2.406	2	1459
1.151.665	2.403	2	1452
1.150.077	2.401	2	1447
1.148.167	2.398	2	1441
1.145.933	2.395	2	1434
1.143.692	2.392	2	1427
1.140.479	2.387	2	1417
1.139.835	2.386	2	1415
1.136.606	2.382	2	1405
1.135.311	2.380	2	1401
1.132.062	2.375	2	1391
1.130.759	2.373	2	1387
1.128.473	2.370	2	1380
1.126.180	2.367	2	1373
1.123.221	2.363	2	1364
1.121.902	2.361	2	1360
1.121.242	2.360	2	1358
1.120.581	2.359	2	1356
1.115.606	2.352	2	1341
1.112.939	2.348	2	1333
1.109.257	2.343	2	1322
1.106.230	2.339	2	1313
1.103.529	2.335	2	1305
1.101.157	2.331	2	1298
1.099.459	2.329	2	1293
1.098.097	2.327	2	1289
1.094.339	2.322	2	1278
1.089.872	2.315	2	1265
1.086.072	2.310	2	1254
1.082.599	2.305	2	1244
1.081.205	2.303	2	1240
1.075.603	2.295	2	1224
1.073.843	2.292	2	1219
1.070.311	2.287	2	1209
1.064.622	2.279	2	1193
1.060.326	2.273	2	1181
1.058.528	2.270	2	1176
1.054.556	2.264	2	1165
1.053.832	2.263	2	1163