Ganimet	EXP	Kat	Seviye
1.338.900	2.730	1	2506
1.338.045	2.729	1	2502
1.336.974	2.727	1	2497
1.335.689	2.726	1	2491
1.334.615	2.724	1	2486
1.334.401	2.724	1	2485
1.333.326	2.722	1	2480
1.333.111	2.722	1	2479
1.332.035	2.721	1	2474
1.331.819	2.720	1	2473
1.330.742	2.719	1	2468
1.329.663	2.717	1	2463
1.328.582	2.716	1	2458
1.328.150	2.715	1	2456
1.327.284	2.714	1	2452
1.326.201	2.712	1	2447
1.325.333	2.711	1	2443
1.324.682	2.710	1	2440
1.324.030	2.709	1	2437
1.323.161	2.708	1	2433
1.322.508	2.707	1	2430
1.322.290	2.707	1	2429
1.321.201	2.706	1	2424
1.319.891	2.704	1	2418
1.318.799	2.702	1	2413
1.318.580	2.702	1	2412
1.317.048	2.700	1	2405
1.316.391	2.699	1	2402
1.315.075	2.697	1	2396
1.314.416	2.696	1	2393
1.312.877	2.694	1	2386
1.312.656	2.694	1	2385
1.311.334	2.692	1	2379
1.311.114	2.692	1	2378
1.310.011	2.690	1	2373
1.308.906	2.689	1	2368
1.307.357	2.686	1	2361
1.306.027	2.685	1	2355
1.305.361	2.684	1	2352
1.303.806	2.681	1	2345
1.302.470	2.680	1	2339
1.301.802	2.679	1	2336
1.300.463	2.677	1	2330
1.299.793	2.676	1	2327
1.299.123	2.675	1	2324
1.298.452	2.674	1	2321
1.297.332	2.672	1	2316
1.295.987	2.671	1	2310
1.294.414	2.668	1	2303
1.293.739	2.667	1	2300
1.292.388	2.666	1	2294
1.291.261	2.664	1	2289
1.291.035	2.664	1	2288
1.289.454	2.661	1	2281
1.288.775	2.661	1	2278
1.287.416	2.659	1	2272
1.286.736	2.658	1	2269
1.285.601	2.656	1	2264
1.284.465	2.655	1	2259
1.284.237	2.654	1	2258
1.282.643	2.652	1	2251
1.281.046	2.650	1	2244
1.279.675	2.648	1	2238
1.279.218	2.647	1	2236
1.277.614	2.645	1	2229
1.277.156	2.644	1	2227
1.275.548	2.642	1	2220
1.274.398	2.640	1	2215
1.274.168	2.640	1	2214
1.272.555	2.638	1	2207
1.271.863	2.637	1	2204
1.270.246	2.635	1	2197
1.268.857	2.633	1	2191
1.268.162	2.632	1	2188
1.266.769	2.630	1	2182
1.266.305	2.629	1	2180
1.264.677	2.627	1	2173
1.264.444	2.627	1	2172
1.263.512	2.625	1	2168
1.262.112	2.623	1	2162
1.261.178	2.622	1	2158
1.260.710	2.621	1	2156
1.259.305	2.619	1	2150
1.258.368	2.618	1	2146
1.256.959	2.616	1	2140
1.256.254	2.615	1	2137
1.254.607	2.613	1	2130
1.254.371	2.612	1	2129
1.253.192	2.611	1	2124
1.251.774	2.609	1	2118
1.250.118	2.606	1	2111
1.248.458	2.604	1	2104
1.247.271	2.602	1	2099
1.245.605	2.600	1	2092
1.244.890	2.599	1	2089
1.243.220	2.597	1	2082
1.241.546	2.594	1	2075
1.240.588	2.593	1	2071
1.238.909	2.591	1	2064
1.237.227	2.588	1	2057
1.234.818	2.585	1	2047
1.234.335	2.584	1	2045
1.233.369	2.583	1	2041
1.231.675	2.580	1	2034
1.230.220	2.578	1	2028
1.228.520	2.576	1	2021
1.227.790	2.575	1	2018
1.226.085	2.572	1	2011
1.225.109	2.571	1	2007
1.224.131	2.570	1	2003
1.222.418	2.567	1	1996
1.221.438	2.566	1	1992
1.220.947	2.565	1	1990
1.219.228	2.563	1	1983
1.217.751	2.561	1	1977
1.215.777	2.558	1	1969
1.215.530	2.558	1	1968
1.215.036	2.557	1	1966
1.213.056	2.554	1	1958
1.211.816	2.552	1	1953
1.209.828	2.549	1	1945
1.209.330	2.549	1	1943
1.207.585	2.546	1	1936
1.205.587	2.543	1	1928
1.204.586	2.542	1	1924
1.204.335	2.542	1	1923
1.202.077	2.538	1	1914
1.200.317	2.536	1	1907
1.198.805	2.534	1	1901
1.197.795	2.532	1	1897
1.196.532	2.530	1	1892
1.195.266	2.529	1	1887
1.192.728	2.525	1	1877
1.192.219	2.524	1	1875
1.190.947	2.522	1	1870
1.189.927	2.521	1	1866
1.188.651	2.519	1	1861
1.188.140	2.518	1	1859
1.187.628	2.518	1	1857
1.186.092	2.516	1	1851
1.184.809	2.514	1	1846
1.182.238	2.510	1	1836
1.180.691	2.508	1	1830
1.177.588	2.503	1	1818
1.177.069	2.503	1	1816
1.176.291	2.501	1	1813
1.173.952	2.498	1	1804
1.172.128	2.495	1	1797
1.170.822	2.494	1	1792
1.168.466	2.490	1	1783
1.166.892	2.488	1	1777
1.166.366	2.487	1	1775
1.165.841	2.486	1	1773
1.164.524	2.485	1	1768
1.163.734	2.483	1	1765
1.163.206	2.483	1	1763
1.162.150	2.481	1	1759
1.160.032	2.478	1	1751
1.158.972	2.477	1	1747
1.155.781	2.472	1	1735
1.153.646	2.469	1	1727
1.151.238	2.465	1	1718
1.150.701	2.465	1	1716
1.148.552	2.461	1	1708
1.146.398	2.458	1	1700
1.145.318	2.457	1	1696
1.145.048	2.456	1	1695
1.142.883	2.453	1	1687
1.141.255	2.451	1	1681
1.139.080	2.448	1	1673
1.138.535	2.447	1	1671
1.136.078	2.443	1	1662
1.135.531	2.443	1	1660
1.134.161	2.441	1	1655
1.132.790	2.439	1	1650
1.131.690	2.437	1	1646
1.129.211	2.433	1	1637
1.126.724	2.430	1	1628
1.126.447	2.429	1	1627
1.123.672	2.425	1	1617
1.122.281	2.423	1	1612
1.121.166	2.422	1	1608
1.120.050	2.420	1	1604
1.118.932	2.418	1	1600
1.116.691	2.415	1	1592
1.115.568	2.414	1	1588
1.113.034	2.410	1	1579
1.112.752	2.409	1	1578
1.109.926	2.405	1	1568
1.109.076	2.404	1	1565
1.106.521	2.400	1	1556
1.104.527	2.397	1	1549
1.102.241	2.394	1	1541
1.099.662	2.390	1	1532
1.099.087	2.389	1	1530
1.097.361	2.387	1	1524
1.094.765	2.383	1	1515
1.092.158	2.379	1	1506
1.089.543	2.375	1	1497
1.088.961	2.375	1	1495
1.085.748	2.370	1	1484
1.083.403	2.366	1	1476
1.081.640	2.364	1	1470
1.078.690	2.359	1	1460
1.078.395	2.359	1	1459
1.076.322	2.356	1	1452
1.074.838	2.354	1	1447
1.073.053	2.351	1	1441
1.070.965	2.348	1	1434
1.068.871	2.345	1	1427
1.065.868	2.340	1	1417
1.064.965	2.339	1	1414
1.062.249	2.335	1	1405
1.061.038	2.333	1	1401
1.058.002	2.329	1	1391
1.056.784	2.327	1	1387
1.052.504	2.321	1	1373
1.049.431	2.316	1	1363
1.048.198	2.314	1	1359
1.047.890	2.314	1	1358
1.046.963	2.312	1	1355
1.040.130	2.302	1	1333
1.033.545	2.292	1	1312
1.031.335	2.289	1	1305
1.029.119	2.286	1	1298
1.027.531	2.283	1	1293
1.026.259	2.281	1	1289
1.022.746	2.276	1	1278
1.018.572	2.270	1	1265
1.015.020	2.264	1	1254
1.011.775	2.260	1	1244
1.010.146	2.257	1	1239
1.004.908	2.249	1	1223
1.003.592	2.247	1	1219
999.960	2.242	1	1208
994.641	2.234	1	1192
990.959	2.228	1	1181
989.279	2.225	1	1176
984.890	2.219	1	1163